# CMOS inverter chain with BSIM3 model 

.options maxdelta = 1. maxiter=30 sparse=0
*.analysis dc device=vdc:vin param=vdc start=0 stop=3V verbose=0 num=100
.analysis tran tstop=20n tstep=.1n im=trap verbose=0 saveall=1 shell=0

vdc:vdd 1 gnd vdc=3V 
*vdc:vin in gnd vdc=1 
*vsin:vin in gnd vdc=1 mag=1. freq=100MEGHz phase=120
vpulse:vin in gnd v1=0 v2=3 pw=2n per=10n tr=3n tf=3n 

x1 in o1 1 gnd inverter
x2 o1 o2 1 gnd inverter
x3 o2 out 1 gnd inverter
cap:cload out gnd c=20fF

.subckt inverter in out 1 gnd
# m1 connected in reverse mode (to test model)
mosbsim3:m1 1 in out 1 model=pch ad=8p asrc=8p cj=2e-4 cjsw=1n ps=8u m=3
mosbsim3:m2 out in gnd gnd model=nch ad=8p asrc=8p cj=2e-4 cjsw=1n ps=8u
#cap:cload out gnd c=.01pF
.ends

.model nch mosbsim3 (type=n tnom=27.0 js=1e-3\
 nch=1.024685e+17 tox=1.00000e-08 xj=1.00000e-07 \
 lint=3.75860e-08 wint=-2.02101528644562e-07 \
 vth0=.6094574 k1=.5341038 k2=1.703463e-03 k3=-17.24589 \
 dvt0=.1767506 dvt1=.5109418 dvt2=-0.05 \
 nlx=9.979638e-08 w0=1e-6 \
 k3b=4.139039 \
 vsat=97662.05 ua=-1.748481e-09 ub=3.178541e-18 uc=1.3623e-10 \
 rdsw=298.873 u0=307.2991 prwb=-2.24e-4 \
 a0=.4976366 \
 keta=-2.195445e-02 a1=.0332883 a2=.9 \
 voff=-9.623903e-02 nfactor=.8408191 cit=3.994609e-04 \
 cdsc=1.130797e-04 \
 cdscb=2.4e-5 \
 eta0=.0145072 etab=-3.870303e-03 \
 dsub=.4116711 \
 pclm=1.813153 \ 
 drout=.4380235 pscbe1=5.752058e+08 pscbe2=7.510319e-05 \
 pvag=.6370527 prt=68.7 ngate=1.e20 alpha0=1.e-7 beta0=28.4 \
 prwg=-0.001 ags=1.2 \
 dvt0w=0.58 dvt1w=5.3e6 dvt2w=-0.0032 \
 kt1=-.3 kt2=-.03 \
 at=33000 \
 ute=-1.5 \
 ua1=4.31e-09 ub1=7.61e-18 uc1=-2.378e-10 \
 kt1l=1e-8 \
 wr=1 b0=1e-7 b1=1e-7 dwg=5e-8 dwb=2e-8 delta=0.015 \
 cgbo=1e-10 \
 cgdo=0.4e-9 cgso=0.4e-9 \
 clc=0.1e-6 \
 cle=0.6)

.model pch mosbsim3 (type=p tnom=27.0 js=1e-3 \
 nch=5.73068e+16 tox=1.00000e-08 xj=1.00000e-07 \
 lint=8.195860e-08 wint=-1.821562e-07 \
 vth0=-.86094574 k1=.341038 k2=2.703463e-02 k3=12.24589 \
 dvt0=.767506 dvt1=.65109418 dvt2=-0.145 \
 nlx=1.979638e-07 w0=1.1e-6 \
 k3b=-2.4139039 \
 vsat=60362.05 ua=1.348481e-09 ub=3.178541e-19 uc=1.1623e-10 \
 rdsw=498.873 u0=137.2991 prwb=-1.2e-5 \
 a0=.3276366 \
 keta=-1.8195445e-02 a1=.0232883 a2=.9 \
 voff=-6.623903e-02 nfactor=1.0408191 cit=4.994609e-04 \
 cdsc=1.030797e-3 \
 cdscb=2.84e-4 \
 eta0=.0245072 etab=-1.570303e-03 \
 dsub=.24116711 \
 pclm=2.6813153 \
 drout=.1380235 pscbe1=0 pscbe2=1.e-28 \
 pvag=-.16370527 \
 prwg=-0.001 ags=1.2 \
 dvt0w=0.58 dvt1w=5.3e6 dvt2w=-0.0032 \
 kt1=-.3 kt2=-.03 prt=76.4 \
 at=33000 \
 ute=-1.5 \
 ua1=4.31e-09 ub1=7.61e-18 uc1=-2.378e-10 \
 kt1l=0 \
 wr=1 b0=1e-7 b1=1e-7 dwg=5e-8 dwb=2e-8 delta=0.015 \
 cgbo=1e-10 \
 cgdo=0.4e-9 cgso=0.4e-9 \
 clc=0.1e-6 \
 cle=0.6 )


#.plot dc o1 o2 out
.plot tran in o1 o2 out

.end


